194, 196, 218, 224, 245, 246, 31, 247, 223, 224, 248, 245, 251, 195, 193, 192, 28, 193, 196, 224, 248, 245, 249, 247, 249, 57, 151, 176, 244, 245, 246, 3, 149, 198, 225, 149, 193, 191, 192, 278, 281, 309, 333, 120, 122, 28, 147, 55, 147, 190,
218, 218, 224, 251, 192, 55, 31, 55, 244, 246, 193, 191, 196, 197, 196, 219, 1, 217, 218, 222, 193, 191, 192, 28, 30, 151, 176, 193, 191, 192, 225, 151, 176, 225, 151, 176, 220, 224, 246, 305, 303, 307, 1, 174, 176, 120, 123, 120, 123, 220,
218, 218, 219, 244, 246, 30, 31, 1, 190, 191, 196, 218, 224, 223, 218, 197, 191, 196, 218, 197, 196, 224, 249, 30, 151, 176, 190, 196, 224, 249, 29, 149, 198, 2, 149, 225, 247, 246, 278, 281, 309, 334, 198, 28, 120, 123, 252, 147, 193, 250,
245, 223, 197, 192, 29, 5, 61, 2, 247, 223, 218, 218, 219, 244, 248, 223, 218, 218, 224, 248, 248, 249, 198, 151, 176, 193, 250, 245, 246, 56, 151, 176, 56, 151, 120, 122, 252, 278, 281, 309, 334, 190, 192, 120, 123, 30, 120, 123, 244, 246,
193, 196, 218, 197, 195, 31, 3, 28, 57, 220, 218, 218, 222, 252, 2, 217, 224, 248, 249, 56, 3, 198, 151, 176, 2, 247, 249, 2, 252, 151, 176, 30, 151, 176, 174, 176, 278, 281, 309, 334, 2, 244, 246, 147, 198, 120, 123, 193, 195, 198,
244, 223, 218, 224, 246, 31, 252, 190, 192, 247, 223, 218, 222, 225, 252, 247, 249, 57, 55, 151, 175, 175, 176, 3, 1, 29, 56, 151, 175, 176, 151, 175, 176, 28, 28, 278, 281, 309, 334, 193, 195, 120, 121, 123, 198, 147, 190, 196, 197, 195,
1, 247, 245, 246, 57, 31, 198, 220, 197, 191, 250, 245, 249, 29, 120, 122, 198, 151, 175, 176, 193, 195, 252, 30, 29, 151, 175, 176, 2, 151, 176, 193, 195, 198, 278, 281, 309, 334, 28, 247, 249, 147, 3, 120, 121, 123, 247, 248, 223, 197,
87, 88, 56, 86, 6, 61, 28, 217, 224, 245, 249, 3, 30, 55, 174, 176, 2, 149, 190, 191, 250, 249, 151, 175, 175, 176, 190, 192, 28, 149, 190, 250, 249, 2, 305, 309, 334, 28, 2, 120, 121, 123, 29, 147, 28, 225, 120, 121, 244, 245,
225, 252, 57, 28, 31, 3, 193, 196, 219, 30, 30, 193, 194, 195, 151, 175, 175, 176, 244, 248, 249, 151, 176, 190, 195, 56, 244, 249, 151, 176, 244, 246, 278, 279, 281, 307, 29, 120, 121, 123, 29, 3, 120, 123, 1, 120, 123, 56, 124, 121,
225, 193, 191, 192, 59, 88, 244, 248, 251, 194, 194, 196, 218, 219, 149, 30, 2, 3, 252, 151, 175, 176, 56, 247, 249, 151, 175, 175, 176, 252, 29, 272, 302, 303, 309, 334, 1, 147, 3, 30, 120, 190, 195, 3, 225, 147, 190, 194, 192, 2,
191, 196, 224, 249, 193, 194, 192, 4, 244, 248, 223, 218, 218, 222, 149, 190, 192, 3, 151, 176, 190, 192, 30, 151, 175, 120, 122, 29, 225, 28, 272, 328, 332, 333, 334, 120, 121, 123, 225, 120, 123, 247, 251, 195, 120, 123, 217, 218, 219, 2,
218, 224, 249, 1, 244, 223, 197, 192, 87, 7, 244, 223, 224, 246, 149, 217, 222, 28, 149, 1, 244, 249, 151, 176, 2, 174, 176, 272, 354, 354, 328, 120, 121, 121, 121, 123, 30, 29, 30, 147, 193, 194, 250, 246, 147, 225, 244, 245, 251, 191,
218, 197, 194, 194, 191, 196, 218, 222, 30, 31, 29, 244, 246, 29, 149, 247, 249, 151, 176, 3, 252, 151, 176, 190, 195, 29, 278, 276, 280, 28, 120, 123, 225, 1, 55, 3, 225, 56, 3, 147, 217, 218, 222, 120, 123, 1, 190, 191, 196, 218,
223, 218, 218, 218, 218, 218, 224, 246, 2, 59, 87, 7, 3, 55, 149, 56, 2, 149, 190, 195, 151, 176, 193, 250, 249, 29, 305, 306, 307, 120, 120, 122, 30, 56, 30, 120, 121, 121, 121, 123, 217, 224, 249, 147, 193, 192, 220, 218, 218, 218,
247, 223, 218, 224, 245, 248, 249, 28, 190, 191, 195, 59, 88, 86, 146, 7, 252, 149, 217, 197, 192, 122, 220, 222, 55, 278, 281, 309, 334, 147, 174, 176, 57, 120, 121, 123, 190, 191, 195, 1, 244, 249, 120, 123, 220, 197, 196, 218, 218, 224,
29, 247, 248, 246, 120, 122, 57, 193, 196, 224, 246, 225, 56, 3, 149, 31, 1, 149, 247, 223, 222, 149, 244, 246, 278, 281, 309, 334, 2, 147, 3, 57, 120, 123, 190, 192, 247, 245, 249, 120, 121, 121, 123, 28, 247, 245, 248, 223, 218, 197,
30, 57, 1, 56, 174, 176, 57, 217, 218, 222, 225, 30, 252, 151, 176, 31, 2, 124, 122, 220, 219, 124, 122, 1, 305, 303, 307, 193, 195, 147, 30, 120, 123, 193, 196, 219, 225, 30, 120, 123, 198, 55, 193, 194, 195, 2, 57, 244, 248, 223,
151, 175, 175, 175, 175, 175, 150, 247, 245, 249, 1, 55, 30, 149, 57, 31, 29, 55, 149, 247, 251, 195, 149, 2, 305, 306, 307, 244, 249, 147, 2, 147, 3, 220, 224, 246, 120, 121, 123, 193, 192, 56, 247, 223, 197, 191, 191, 195, 1, 247,
176, 1, 190, 195, 30, 28, 174, 175, 175, 150, 28, 56, 151, 176, 29, 31, 57, 151, 176, 57, 244, 246, 149, 29, 305, 306, 282, 280, 1, 147, 28, 147, 225, 244, 246, 29, 147, 190, 194, 196, 197, 192, 87, 244, 223, 218, 224, 246, 28, 56,
193, 191, 250, 249, 190, 195, 2, 2, 198, 174, 175, 175, 176, 28, 1, 59, 87, 146, 87, 7, 3, 151, 120, 122, 332, 308, 303, 307, 29, 147, 55, 174, 150, 30, 193, 192, 147, 244, 223, 218, 224, 246, 28, 193, 196, 224, 246, 57, 57, 198,
220, 224, 249, 29, 244, 246, 252, 2, 193, 191, 194, 191, 194, 195, 2, 28, 151, 176, 55, 58, 30, 149, 174, 176, 28, 305, 309, 334, 120, 123, 225, 198, 174, 150, 220, 219, 147, 29, 244, 223, 197, 194, 195, 244, 223, 197, 192, 193, 194, 192,
247, 249, 151, 175, 175, 175, 175, 150, 247, 248, 245, 223, 224, 249, 28, 151, 176, 55, 55, 4, 55, 149, 2, 2, 278, 281, 307, 28, 147, 57, 55, 198, 5, 144, 247, 246, 174, 150, 29, 247, 248, 245, 246, 31, 244, 223, 197, 196, 218, 222,
57, 151, 176, 193, 191, 195, 3, 174, 175, 150, 198, 247, 246, 151, 175, 190, 195, 30, 29, 31, 30, 149, 2, 278, 281, 309, 334, 1, 147, 120, 122, 5, 61, 174, 150, 252, 2, 147, 57, 5, 190, 194, 195, 61, 190, 196, 224, 245, 245, 249,
151, 176, 190, 250, 248, 249, 29, 190, 192, 174, 175, 175, 175, 176, 193, 250, 249, 30, 55, 31, 151, 176, 1, 305, 309, 334, 28, 29, 147, 174, 176, 58, 57, 29, 147, 31, 1, 147, 1, 190, 196, 224, 251, 191, 196, 224, 246, 29, 1, 198,
149, 56, 247, 246, 151, 175, 150, 244, 246, 2, 30, 55, 56, 2, 247, 249, 30, 151, 175, 172, 176, 1, 278, 281, 307, 190, 194, 195, 147, 2, 28, 4, 198, 120, 123, 31, 120, 123, 3, 247, 245, 251, 196, 218, 218, 222, 56, 120, 122, 29,
176, 55, 151, 175, 176, 1, 174, 175, 175, 175, 175, 175, 175, 175, 175, 175, 175, 176, 28, 58, 29, 278, 281, 309, 334, 220, 224, 246, 123, 30, 5, 61, 2, 147, 56, 31, 147, 198, 3, 190, 194, 196, 224, 245, 248, 249, 252, 174, 176, 151,
3, 151, 176, 2, 1, 193, 195, 198, 29, 2, 2, 28, 29, 2, 29, 225, 28, 272, 354, 849, 354, 302, 309, 334, 28, 247, 246, 123, 30, 30, 31, 3, 120, 123, 193, 192, 144, 87, 190, 196, 218, 218, 197, 192, 1, 56, 2, 151, 175, 176,
151, 176, 193, 195, 28, 244, 246, 1, 1, 278, 279, 279, 279, 279, 280, 2, 272, 328, 1, 4, 1, 332, 334, 2, 120, 121, 123, 190, 195, 198, 59, 7, 147, 190, 196, 219, 147, 193, 196, 224, 245, 223, 218, 222, 225, 29, 151, 190, 191, 192,
176, 190, 250, 249, 278, 279, 279, 279, 279, 281, 303, 306, 306, 306, 304, 354, 328, 114, 2, 59, 87, 7, 2, 120, 123, 193, 194, 196, 197, 195, 30, 58, 147, 247, 223, 219, 147, 244, 245, 246, 193, 250, 245, 249, 1, 151, 176, 217, 224, 246,
1, 247, 249, 278, 281, 306, 306, 309, 333, 333, 333, 333, 333, 333, 190, 191, 195, 114, 1, 120, 121, 118, 121, 123, 30, 220, 218, 218, 218, 197, 192, 85, 174, 150, 247, 246, 174, 150, 2, 57, 247, 246, 29, 1, 151, 176, 190, 250, 249, 151,
28, 2, 278, 281, 306, 303, 309, 334, 193, 191, 194, 195, 29, 2, 244, 245, 246, 121, 121, 123, 56, 31, 2, 55, 1, 244, 245, 245, 245, 223, 222, 4, 30, 174, 150, 225, 56, 174, 175, 150, 57, 55, 198, 151, 190, 195, 247, 246, 151, 176,
278, 279, 281, 306, 306, 309, 334, 2, 244, 245, 248, 246, 120, 121, 121, 121, 123, 29, 28, 3, 56, 32, 88, 190, 194, 192, 87, 88, 4, 247, 246, 31, 190, 192, 147, 28, 57, 190, 195, 174, 175, 175, 175, 176, 244, 249, 151, 175, 176, 193,
281, 306, 309, 333, 333, 334, 1, 120, 121, 121, 121, 121, 123, 56, 28, 5, 88, 85, 225, 86, 87, 61, 3, 247, 245, 249, 190, 194, 195, 87, 7, 58, 217, 197, 192, 175, 150, 247, 249, 198, 29, 55, 28, 198, 57, 151, 176, 193, 192, 247,
333, 333, 334, 1, 120, 121, 121, 123, 190, 191, 194, 192, 198, 5, 87, 61, 120, 121, 121, 121, 121, 121, 121, 121, 121, 121, 244, 245, 251, 194, 192, 88, 244, 245, 249, 30, 174, 175, 175, 175, 175, 175, 175, 175, 175, 176, 3, 247, 249, 5,
190, 195, 120, 121, 123, 56, 198, 56, 244, 245, 245, 246, 3, 31, 120, 121, 123, 2, 56, 120, 121, 121, 121, 121, 122, 3, 124, 122, 244, 223, 197, 192, 86, 7, 190, 192, 3, 55, 3, 30, 28, 29, 3, 3, 190, 191, 195, 5, 87, 190,
247, 246, 123, 190, 195, 30, 120, 121, 121, 121, 121, 121, 121, 118, 123, 2, 56, 120, 121, 123, 2, 55, 3, 3, 124, 122, 57, 124, 122, 244, 245, 251, 194, 192, 244, 246, 225, 55, 190, 195, 30, 193, 194, 191, 196, 224, 246, 31, 57, 217,
120, 120, 122, 247, 246, 120, 123, 55, 3, 225, 193, 192, 29, 59, 87, 7, 120, 123, 3, 190, 191, 191, 191, 192, 28, 124, 122, 57, 124, 122, 252, 217, 224, 249, 4, 29, 30, 193, 196, 219, 252, 247, 248, 223, 218, 197, 195, 31, 193, 196,
123, 174, 176, 120, 121, 123, 120, 121, 121, 122, 247, 249, 120, 121, 121, 118, 123, 1, 190, 196, 218, 224, 245, 249, 57, 28, 149, 120, 122, 149, 55, 220, 222, 225, 59, 87, 7, 244, 248, 251, 192, 1, 190, 250, 248, 245, 246, 31, 220, 218,
56, 120, 121, 123, 2, 120, 123, 1, 56, 124, 121, 121, 123, 120, 122, 31, 2, 190, 196, 224, 223, 197, 194, 192, 2, 3, 149, 174, 176, 124, 122, 247, 246, 29, 225, 1, 58, 55, 28, 247, 249, 28, 244, 249, 87, 88, 86, 61, 247, 245,
120, 120, 122, 2, 120, 123, 56, 225, 30, 29, 29, 28, 1, 174, 176, 31, 198, 244, 245, 246, 220, 218, 224, 249, 1, 2, 149, 1, 56, 198, 149, 2, 30, 198, 2, 1, 85, 86, 87, 7, 1, 55, 58, 3, 56, 190, 191, 192, 29, 252,
123, 174, 176, 120, 123, 193, 192, 30, 198, 29, 3, 3, 193, 191, 192, 59, 7, 190, 194, 194, 196, 224, 246, 120, 122, 57, 149, 193, 195, 2, 149, 190, 191, 195, 252, 1, 252, 30, 57, 59, 7, 55, 85, 55, 29, 247, 245, 249, 120, 121,
2, 29, 120, 123, 1, 247, 251, 191, 192, 30, 190, 194, 196, 218, 197, 192, 58, 247, 245, 223, 224, 249, 29, 174, 176, 151, 176, 217, 197, 192, 149, 247, 223, 197, 192, 3, 190, 191, 192, 2, 32, 87, 87, 87, 87, 7, 252, 120, 123, 30,
1, 120, 123, 190, 192, 190, 196, 218, 197, 192, 217, 218, 218, 218, 218, 222, 29, 56, 57, 247, 251, 191, 195, 29, 151, 176, 193, 250, 245, 246, 149, 1, 220, 218, 222, 3, 244, 248, 246, 5, 61, 1, 190, 195, 120, 118, 121, 123, 56, 225,
121, 123, 193, 250, 251, 196, 218, 218, 218, 197, 196, 218, 218, 218, 224, 251, 191, 191, 195, 29, 220, 224, 246, 151, 176, 28, 247, 249, 2, 151, 176, 193, 196, 218, 197, 195, 225, 2, 5, 61, 190, 191, 250, 249, 147, 31, 193, 195, 190, 195,
2, 2, 247, 249, 244, 223, 218, 224, 223, 224, 223, 218, 218, 224, 251, 196, 218, 218, 197, 194, 250, 249, 151, 176, 56, 2, 1, 55, 151, 176, 193, 250, 223, 218, 224, 249, 1, 86, 193, 192, 220, 218, 222, 120, 123, 31, 217, 197, 250, 249,
3, 190, 191, 192, 56, 217, 218, 222, 247, 251, 196, 218, 224, 249, 217, 218, 218, 224, 245, 245, 249, 56, 149, 29, 57, 2, 151, 175, 176, 193, 250, 251, 196, 218, 219, 193, 191, 195, 247, 251, 250, 245, 249, 123, 57, 31, 244, 223, 197, 195,
55, 220, 218, 222, 190, 196, 218, 197, 191, 196, 218, 218, 197, 195, 244, 223, 224, 246, 30, 57, 151, 175, 176, 3, 30, 151, 176, 193, 194, 196, 197, 196, 224, 223, 197, 196, 224, 249, 3, 244, 246, 120, 123, 55, 198, 59, 7, 247, 248, 246,
190, 196, 218, 197, 196, 224, 248, 245, 223, 218, 218, 224, 248, 246, 55, 247, 249, 55, 151, 175, 176, 198, 3, 30, 151, 176, 30, 220, 218, 218, 218, 224, 249, 217, 218, 218, 219, 120, 121, 121, 121, 123, 28, 190, 194, 195, 59, 87, 87, 252,
217, 224, 245, 248, 223, 197, 195, 193, 196, 224, 245, 251, 194, 195, 151, 175, 175, 175, 176, 120, 122, 198, 198, 151, 176, 190, 191, 196, 218, 218, 218, 197, 194, 196, 218, 224, 246, 123, 193, 191, 194, 195, 198, 244, 223, 197, 192, 193, 191, 192,
247, 246, 30, 2, 244, 223, 197, 196, 224, 249, 55, 244, 223, 219, 149, 198, 1, 28, 2, 174, 176, 30, 151, 176, 190, 196, 224, 248, 223, 218, 218, 218, 218, 224, 223, 222, 147, 57, 220, 218, 224, 251, 194, 191, 196, 218, 197, 196, 218, 197
